1205
6313869	5			2	32	4	1	1	8	3
6313910	5			2	47	4	1	2	99	3
6313954	5			2	36	4	4	99	99	4
6313977	5			1	49	4	1	3	3	3
6314061	5			1	29	4	1	1	4	4
6314074	5			1	97	4	5	1	7	3
6314119	5			2	44	3	2	1	4	3
6314139	5			1	58	4	1	2	2	3
6314331	5			1	48	2	1	3	4	4
6314407	5			1	72	4	5	3	7	3
6314537	5			2	32	4	1	2	2	2
6314614	5			2	53	3	3	3	7	4
6314647	4			2	18	2	1	1	9	3
6314677	5			2	88	2	5	3	7	3
6314691	5			2	75	4	4	3	7	3
6314716	5			2	52	4	1	1	7	3
6314741	5			1	18	2	1	1	9	2
6314772	5			1	55	3	2	1	10	4
6314846	5			2	50	4	2	1	10	3
6314905	5			2	80	1	5	3	7	3
6314909	5			2	78	3	5	3	7	4
6314914	5			2	76	4	5	3	7	99
6314923	5			2	21	2	2	3	10	3
6314928	5			2	54	4	2	1	10	5
6314929	5			1	69	4	5	3	7	4
6314937	5			2	60	3	5	3	7	3
6314938	5			1	22	4	1	1	4	99
6314944	5			2	48	2	1	3	2	3
6314954	5			2	56	3	1	1	1	3
6314961	5			2	48	4	1	1	99	2
6314962	2			2	26	3	1	3	8	3
6314966	5			2	27	4	1	2	4	5
6314968	5			1	40	4	1	99	5	2
6314989	5			1	28	4	1	3	1	3
6314994	5			2	81	4	5	3	7	4
6315003	5			2	84	4	5	3	7	3
6315013	5			1	41	2	1	3	4	3
6315017	5			2	54	2	5	1	7	3
6315034	5			2	69	3	5	1	7	3
6315036	5			2	61	2	2	1	1	4
6315047	5			2	26	3	1	3	8	3
6315058	5			2	21	4	1	2	9	3
6315062	5			2	23	4	1	3	5	4
6315063	5			2	52	2	1	1	10	3
6315066	5			2	71	4	5	2	7	3
6315071	5			2	84	4	5	3	7	3
6315073	5			2	59	4	3	3	7	3
6315079	5			1	74	4	3	1	7	3
6315087	5			2	30	2	3	3	8	3
6315095	5			1	63	2	5	3	7	4
6315140	5			2	74	4	5	1	7	3
6315162	5			1	63	3	5	3	7	3
6315169	5			2	44	4	1	3	1	3
6315185	5			2	74	3	5	1	7	3
6315188	5			2	38	3	1	2	8	2
6315189	5			1	22	4	1	2	3	3
6315198	5			2	43	2	2	1	4	4
6315208	5			1	75	4	2	2	7	3
6315209	5			1	18	2	1	2	9	2
6315218	4			2	43	4	3	1	6	3
6315236	5			2	79	4	5	3	7	3
6315239	5			2	71	3	5	3	7	3
6315247	5			1	60	2	5	1	7	4
6315261	5			2	82	4	5	1	7	3
6315282	5			1	81	4	5	3	7	3
6315284	5			2	55	3	4	1	7	3
6315287	5			2	49	3	5	3	4	4
6315294	5			2	58	4	1	1	7	4
6315298	5			1	37	4	1	3	4	2
6315305	4			2	32	4	1	1	8	2
6315307	5			2	55	2	2	3	1	3
6315314	5			2	60	2	5	1	8	3
6315316	5			2	82	4	5	3	7	3
6315320	5			2	72	2	5	1	7	3
6315322	4			2	28	4	1	1	99	99
6315328	5			2	66	3	5	1	7	4
6315336	5			2	51	3	3	3	1	5
6315344	5			2	41	4	1	1	8	4
6315370	5			1	65	4	1	1	1	3
6315394	3			1	45	3	1	1	99	2
6315411	5			1	52	2	4	2	2	99
6315438	5			2	71	3	5	3	7	3
6315444	5			1	41	2	3	1	10	3
6315458	5			2	43	4	1	1	8	3
6315497	5			1	72	4	2	1	7	3
6315525	5			2	77	3	5	3	7	3
6315531	5			2	50	3	3	3	5	3
6315534	5			2	75	2	5	1	7	3
6315538	5			2	42	4	1	1	8	3
6315576	5			2	53	3	5	3	7	4
6315579	5			1	55	3	5	3	7	4
6315593	5			2	45	4	1	1	99	2
6315601	5			1	72	4	1	3	7	3
6315602	5			2	44	3	5	1	2	3
6315603	5			1	83	4	5	3	7	3
6315606	5			1	35	4	1	1	4	3
6315607	5			2	18	2	1	1	8	3
6315609	5			2	60	2	5	3	7	3
6315616	5			2	65	2	5	3	7	4
6315622	5			1	28	4	1	1	4	3
6315646	5			2	68	3	4	3	7	3
6315650	5			1	51	2	1	1	7	4
6315657	5			2	18	1	1	1	9	3
6315666	5			2	65	3	5	1	7	3
6315667	5			2	60	3	5	1	5	2
6315668	5			2	22	4	1	2	10	3
6315670	4			2	36	4	1	3	8	2
6315707	5			2	40	3	1	1	8	3
6315739	5			1	34	4	1	2	1	3
6315745	5			2	21	4	1	3	9	3
6315746	5			2	42	4	2	1	1	2
6315752	5			1	28	4	1	2	5	2
6315759	5			1	74	4	2	3	7	3
6315767	5			1	42	3	1	1	5	4
6315780	5			2	42	4	5	1	1	3
6315791	5			2	58	4	1	1	3	2
6315793	5			2	49	3	1	2	4	2
6315801	5			2	33	4	1	2	1	3
6315805	5			2	76	2	5	3	7	3
6315818	5			1	33	4	3	1	6	3
6315830	5			2	40	3	1	1	4	3
6315834	3			2	50	4	1	1	4	2
6315837	5			2	57	3	5	3	7	4
6315845	5			2	87	2	5	3	7	99
6315870	5			1	25	4	1	1	5	2
6315875	5			2	64	4	1	1	1	3
6315878	5			1	75	4	2	3	7	3
6315895	5			2	66	3	3	1	2	3
6315898	5			2	51	4	2	2	1	3
6315901	5			1	30	4	1	1	1	3
6315913	5			2	50	3	1	1	8	3
6315925	5			1	72	1	5	1	7	3
6315930	5			2	44	3	3	3	8	3
6315937	4			1	40	4	1	1	3	3
6315940	5			2	57	2	5	1	7	3
6315942	5			1	18	2	1	1	9	3
6315944	5			1	57	3	5	2	7	3
6315948	5			2	24	4	1	2	4	2
6315953	5			1	71	4	5	1	7	3
6315963	5			1	86	4	5	3	7	3
6315964	5			1	70	2	5	3	7	4
6315973	5			2	56	4	1	3	4	3
6315977	5			1	85	4	1	3	7	3
6315982	5			2	62	4	3	3	7	3
6315986	5			2	40	4	1	1	3	3
6315997	5			1	45	2	1	3	7	3
6316010	5			1	42	4	1	1	4	3
6316018	5			2	80	3	5	1	7	3
6316024	5			2	22	4	1	1	10	3
6316028	5			2	40	4	5	2	8	3
6316029	5			2	51	3	5	3	2	3
6316049	5			2	73	3	5	1	7	3
6316053	5			2	22	4	1	1	1	3
6316055	5			2	84	2	5	3	7	3
6316064	5			1	55	4	2	3	10	4
6316069	4			2	36	4	3	1	8	3
6316081	5			1	70	3	5	99	7	4
6316086	5			2	49	4	1	2	4	3
6316090	5			1	41	4	1	3	4	2
6316091	5			1	45	3	3	1	10	4
6316098	5			1	70	4	2	3	7	2
6316134	5			1	28	4	1	99	1	2
6316150	5			2	54	3	1	3	4	3
6316155	5			1	23	4	1	1	10	3
6316163	5			2	61	4	5	1	7	3
6316169	5			2	75	4	5	1	7	3
6316184	5			2	43	4	1	3	1	4
6316206	5			2	27	4	1	2	4	3
6316213	5			2	73	3	1	3	7	3
6316222	5			2	60	3	5	2	7	5
6316223	5			2	27	4	1	2	4	3
6316233	5			1	53	4	1	2	5	1
6316236	5			2	58	4	4	2	1	3
6316238	5			2	69	3	5	1	7	3
6316243	5			2	50	4	1	1	1	2
6316244	5			2	46	4	1	1	5	2
6316253	5			2	84	3	5	1	7	4
6316261	5			2	54	3	5	1	1	3
6316273	5			1	54	4	3	1	4	3
6316278	5			1	79	4	2	1	7	4
6316302	5			1	75	4	5	3	7	3
6316309	5			1	74	3	5	3	7	99
6316313	5			1	54	3	5	1	5	3
6316319	5			2	47	3	2	2	1	3
6316331	4			2	28	4	1	1	1	3
6316334	5			2	58	2	5	1	7	5
6316354	5			2	75	4	4	3	7	4
6316360	5			2	72	2	5	3	7	3
6316384	5			1	38	4	1	1	5	3
6316385	5			1	77	4	1	1	7	2
6316398	5			2	77	2	5	3	7	4
6316403	5			1	18	2	1	1	9	3
6316411	5			1	81	4	1	3	7	2
6316416	5			1	27	4	1	1	10	3
6316417	5			2	42	2	1	2	4	3
6316426	5			2	23	2	1	2	4	2
6316444	5			1	57	3	3	1	7	3
6316475	5			2	60	3	5	2	1	3
6316498	5			2	70	4	5	3	7	3
6316503	5			2	84	4	5	1	7	2
6316523	5			2	78	3	5	3	7	2
6316524	5			2	55	4	1	1	4	3
6316530	5			2	48	3	2	3	8	5
6316534	3			1	26	3	1	1	4	3
6316547	4			1	40	3	1	3	5	3
6316554	5			1	37	3	3	2	5	3
6316558	5			1	42	4	1	2	5	3
6316563	4			2	47	4	1	2	7	2
6316565	5			1	35	4	1	1	10	2
6316595	5			1	42	4	1	3	6	3
6316605	5			1	40	4	5	3	1	4
6316628	5			1	74	2	5	99	7	3
6316641	5			2	42	4	1	2	8	3
6316654	5			2	53	3	1	3	7	4
6316659	5			2	55	4	1	3	7	3
6316671	5			1	51	2	5	1	7	3
6316675	5			1	48	4	1	1	2	2
6316685	5			1	20	4	1	3	1	3
6316687	5			2	18	2	1	1	9	3
6316689	5			2	64	3	2	2	7	4
6316692	5			2	87	4	5	1	7	2
6316694	5			1	63	4	1	1	7	3
6316704	5			2	32	4	1	1	4	2
6316707	5			2	43	3	5	3	10	4
6316718	5			2	76	4	5	3	7	3
6316724	5			2	51	3	2	2	10	3
6316759	5			2	53	2	1	1	10	3
6316765	5			1	20	3	2	3	6	3
6316766	5			1	75	4	2	3	7	3
6316767	5			2	29	4	1	2	4	3
6316795	5			2	36	4	1	2	8	3
6316798	4			1	36	4	1	3	2	3
6316802	5			1	67	4	2	1	1	3
6316819	5			1	51	3	2	1	6	3
6316831	5			1	21	4	1	1	2	3
6316836	5			2	47	2	5	1	2	2
6316838	5			2	56	4	1	1	8	2
6316839	5			1	59	3	2	99	5	3
6316841	5			1	48	3	3	1	1	2
6316864	5			2	56	3	3	1	7	3
6316867	5			1	40	3	1	2	3	3
6316886	5			2	31	4	1	1	4	3
6316887	5			1	56	4	1	2	5	3
6316890	5			2	36	4	1	1	4	3
6316895	5			1	18	3	1	1	9	3
6316896	5			2	59	4	2	1	1	2
6316897	3			2	27	4	1	3	1	4
6316910	5			2	42	4	1	1	2	2
6316915	5			2	60	4	1	1	8	3
6316919	5			1	46	3	1	3	7	3
6316923	5			2	55	3	5	1	8	3
6316929	5			2	35	3	1	1	8	3
6316937	5			2	64	4	1	2	1	2
6316957	5			1	23	4	1	3	2	3
6316960	5			2	29	4	1	1	1	3
6316965	5			2	39	4	1	1	5	3
6316972	5			2	53	3	1	1	7	3
6316976	5			2	80	1	5	1	7	3
6316981	5			1	38	3	1	1	4	3
6316987	5			2	21	4	1	1	1	1
6316997	5			2	76	3	5	3	7	3
6317009	5			1	30	3	1	2	7	4
6317014	5			2	65	3	1	3	7	3
6317016	5			2	81	3	5	3	7	3
6317019	5			1	35	4	1	1	4	3
6317025	5			2	44	4	2	1	1	3
6317034	5			1	37	3	1	3	5	3
6317038	5			2	44	3	1	1	3	3
6317044	5			2	63	4	1	1	1	4
6317054	5			1	77	4	5	2	7	3
6317060	5			2	51	4	1	3	1	3
6317072	5			2	56	3	5	3	7	5
6317082	5			2	40	3	3	99	2	3
6317089	5			2	53	2	5	3	4	4
6317107	5			2	76	4	5	3	7	3
6317108	5			1	50	3	5	3	2	2
6317113	4			2	52	4	1	3	2	1
6317114	5			1	42	4	1	2	4	3
6317116	5			1	22	4	1	2	9	3
6317123	5			1	26	4	1	1	4	3
6317126	5			2	54	4	2	1	2	3
6317146	5			2	61	2	5	1	7	3
6317148	5			2	88	4	5	3	7	2
6317149	5			2	52	2	1	1	8	3
6317155	4			1	54	4	2	1	7	3
6317156	5			1	50	3	5	1	5	3
6317163	5			1	73	2	5	3	7	3
6317181	5			2	66	3	5	1	7	4
6317193	5			2	37	4	1	1	5	3
6317194	5			2	30	4	1	1	8	3
6317199	5			1	45	4	1	1	5	3
6317200	5			1	61	1	5	3	7	4
6317201	5			2	57	3	2	2	8	4
6317207	5			2	73	4	1	1	2	3
6317211	5			2	33	4	1	1	4	3
6317235	5			1	86	4	4	3	7	3
6317268	5			2	70	4	5	3	7	3
6317275	5			1	33	4	1	1	6	3
6317284	5			2	81	4	5	3	7	3
6317294	5			2	50	3	2	1	10	3
6317329	5			2	55	4	1	3	5	3
6317336	5			2	44	4	2	1	1	3
6317338	5			2	70	3	5	1	7	3
6317353	5			2	18	2	1	2	9	2
6317354	5			2	72	3	1	3	7	3
6317361	5			1	30	3	1	3	4	3
6317372	5			2	70	4	5	3	7	99
6317380	5			2	51	4	1	3	4	3
6317381	5			2	40	3	2	3	8	3
6317383	5			1	76	4	2	1	7	2
6317402	5			1	75	4	5	1	1	2
6317407	5			2	83	2	5	1	7	3
6317415	5			2	58	4	1	3	7	4
6317425	4			2	33	3	1	1	8	3
6317434	5			1	27	4	1	1	1	2
6317447	5			2	60	4	1	1	7	3
6317470	5			1	29	3	1	1	5	3
6317475	5			1	49	4	1	1	1	3
6317477	5			2	20	4	1	1	9	2
6317483	5			2	35	4	1	1	10	3
6317486	5			1	26	4	1	1	6	3
6317490	5			2	71	2	5	3	7	3
6317491	5			1	26	2	1	3	10	3
6317502	5			2	32	3	2	1	1	3
6317504	5			2	78	2	5	3	7	2
6317520	5			2	74	3	5	1	7	3
6317522	5			2	21	3	1	1	9	3
6317523	5			2	67	3	5	1	7	4
6317526	5			2	32	4	2	1	8	3
6317529	5			2	57	3	4	2	7	3
6317535	5			1	61	4	1	3	1	3
6317540	5			2	56	3	2	3	8	2
6317559	5			2	73	3	5	3	7	3
6317569	5			1	53	4	1	1	5	3
6317573	5			2	45	4	5	3	4	3
6317579	5			2	18	3	3	3	2	3
6317583	5			2	56	2	2	2	5	3
6317596	5			2	67	4	4	1	7	3
6317597	5			2	66	4	1	1	1	3
6317605	5			2	79	4	5	1	7	4
6317611	5			2	52	3	4	2	1	3
6317614	5			1	52	4	1	1	2	2
6317632	5			2	66	3	5	3	7	3
6317665	5			2	50	2	3	3	1	3
6317667	5			2	38	3	1	3	2	3
6317668	5			2	27	2	1	3	4	3
6317675	5			2	59	4	1	2	7	3
6317676	5			2	34	4	1	3	1	3
6317694	5			2	34	4	1	1	8	3
6317695	4			2	59	4	2	1	4	3
6317697	5			1	25	1	1	1	2	4
6317703	5			1	60	2	5	3	7	4
6317707	5			2	52	3	1	3	10	2
6317712	5			1	42	3	1	1	2	3
6317716	5			2	59	4	1	2	1	3
6317717	5			2	26	4	1	3	5	3
6317742	5			1	57	2	2	1	10	3
6317746	5			1	55	4	1	1	5	3
6317776	5			2	42	4	1	1	5	3
6317777	5			2	48	3	2	1	1	3
6317782	5			2	53	4	1	1	4	3
6317799	5			1	62	4	1	1	1	4
6317842	5			1	57	4	1	1	5	99
6317846	5			1	54	4	1	1	7	4
6317850	5			2	58	4	1	1	7	3
6317858	5			1	45	4	1	3	1	3
6317874	5			1	30	4	1	1	2	3
6317875	5			2	55	3	1	3	3	5
6317878	5			1	34	4	1	3	10	2
6317884	5			2	40	3	1	99	4	99
6317902	5			2	58	3	2	3	1	4
6317908	5			2	43	3	1	1	99	3
6317916	5			2	65	4	3	3	7	3
6317920	5			1	75	4	1	1	7	3
6317941	5			2	48	3	1	1	2	3
6317944	5			2	30	4	1	3	8	3
6317954	5			2	74	1	5	3	7	3
6317955	4			2	40	4	1	1	4	3
6317958	5			1	89	4	5	1	7	3
6317965	5			1	29	4	1	1	3	3
6317971	5			2	39	3	1	3	1	4
6317977	5			1	59	4	2	3	2	3
6317979	5			2	59	4	1	1	4	3
6317988	5			1	27	4	1	2	1	2
6318003	5			1	42	3	1	3	10	4
6318008	5			2	56	4	1	1	3	2
6318025	5			1	64	2	5	3	7	3
6318045	5			2	77	4	5	3	7	3
6318048	5			2	76	3	5	3	7	3
6318058	5			1	55	3	5	3	4	4
6318078	5			2	33	4	1	1	5	3
6318079	5			2	43	4	1	1	5	99
6318106	5			2	45	4	5	1	7	3
6318123	5			2	62	4	3	1	7	3
6318130	5			2	42	3	2	1	1	2
6318137	5			2	57	4	3	1	7	3
6318144	5			2	59	4	3	3	7	4
6318151	5			1	72	4	5	3	7	3
6318152	5			1	21	1	1	3	9	3
6318160	5			2	48	3	3	3	8	4
6318178	5			2	73	3	5	1	7	4
6318180	3			1	34	4	1	2	5	3
6318186	5			2	53	2	5	1	7	4
6318200	5			2	44	4	2	1	7	2
6318204	5			2	37	2	1	3	8	3
6318208	5			2	20	2	1	3	9	3
6318231	5			2	30	4	1	1	5	3
6318243	3			1	75	4	5	3	7	2
6318244	5			2	44	4	5	3	1	3
6318250	5			1	30	4	1	3	10	3
6318260	5			2	41	2	2	2	8	3
6318265	5			1	28	3	1	3	1	2
6318268	5			2	34	4	2	1	1	3
6318269	5			2	66	3	1	3	7	4
6318338	5			1	65	4	5	1	7	4
6318353	5			2	49	3	5	3	1	3
6318361	5			2	49	4	2	3	1	3
6318372	5			2	50	4	1	1	4	3
6318384	5			2	35	4	1	1	8	3
6318396	5			2	66	3	3	3	1	3
6318399	5			2	44	4	1	1	1	3
6318403	5			1	42	4	1	1	1	3
6318410	5			2	47	4	2	3	1	3
6318411	5			1	33	1	1	3	4	3
6318416	5			1	66	3	5	3	7	3
6318428	5			1	56	4	1	3	4	4
6318431	5			1	59	3	1	3	5	3
6318442	5			2	64	3	5	3	4	2
6318444	5			1	91	3	2	3	7	2
6318449	5			1	59	4	1	2	7	2
6318459	5			2	37	4	1	2	6	2
6318470	5			2	62	3	5	3	1	4
6318471	5			2	55	3	2	3	1	3
6318474	5			2	61	3	5	1	1	3
6318476	5			1	49	4	1	1	5	3
6318488	5			2	85	4	5	3	7	1
6318509	5			1	44	4	1	1	2	3
6318515	5			1	53	4	1	1	7	3
6318519	5			1	62	3	5	3	7	3
6318527	5			1	60	4	1	3	7	3
6318547	5			1	50	4	1	2	4	3
6318559	5			1	27	4	1	2	5	3
6318561	5			1	53	4	1	2	5	4
6318574	5			2	53	4	1	1	5	3
6318601	5			2	85	1	5	1	7	3
6318603	5			1	47	2	2	1	4	3
6318638	5			1	33	4	1	1	4	3
6318681	5			2	50	3	1	3	4	3
6318685	5			1	25	2	1	1	2	3
6318686	4			1	34	4	1	3	2	3
6318693	5			2	66	2	5	3	7	3
6318699	5			1	68	4	3	3	7	3
6318703	5			1	20	2	1	1	9	3
6318704	5			2	31	3	1	2	5	3
6318713	5			2	66	4	5	2	1	3
6318720	3			1	32	4	1	1	1	3
6318729	5			2	34	4	1	1	4	3
6318731	5			1	42	3	4	2	2	3
6318739	5			2	75	2	5	1	10	3
6318743	5			2	45	3	2	1	3	4
6318745	5			1	57	2	5	1	7	3
6318746	5			2	34	2	1	1	1	3
6318751	5			2	56	2	2	3	7	2
6318758	5			2	70	2	5	3	7	3
6318760	5			2	72	2	3	3	7	4
6318761	5			1	43	4	3	3	4	3
6318770	5			2	27	3	1	3	8	3
6318773	5			1	50	4	1	1	1	3
6318776	5			2	26	4	5	3	8	3
6318777	5			1	44	3	1	3	2	3
6318778	5			1	66	3	1	1	7	3
6318781	5			1	53	4	1	3	4	2
6318782	5			2	40	4	1	1	2	3
6318787	5			2	53	4	2	3	1	3
6318799	5			2	72	2	1	2	7	3
6318815	5			2	39	3	2	3	4	5
6318820	5			2	58	4	3	1	7	3
6318827	5			2	23	4	1	1	10	3
6318851	5			1	50	4	1	1	5	3
6318855	5			2	32	4	1	1	8	3
6318856	5			2	44	3	3	1	1	3
6318860	5			2	28	4	3	2	4	3
6318861	5			1	40	3	3	1	5	3
6318904	5			2	35	4	2	1	8	3
6318911	5			1	53	3	4	2	3	3
6318916	5			1	45	4	1	1	3	2
6318923	5			2	25	4	3	1	4	2
6318924	5			2	56	3	5	3	7	3
6318925	4			1	53	4	5	2	5	3
6318931	5			1	46	4	1	1	4	4
6318932	5			2	45	4	1	2	5	2
6318933	5			2	54	2	1	2	7	3
6318935	4			2	25	3	1	1	9	1
6318940	5			2	70	2	1	3	7	4
6318946	5			2	63	4	5	3	7	99
6318954	5			1	35	4	1	1	4	3
6318956	5			2	33	4	1	1	4	3
6318957	5			2	34	3	2	3	8	5
6318960	5			1	41	3	4	1	4	3
6318967	5			2	79	3	5	1	7	3
6318970	5			1	34	4	1	2	5	3
6318973	5			1	26	3	2	3	4	3
6318977	5			1	37	2	1	3	2	4
6318989	5			1	33	4	1	2	5	3
6318992	5			1	67	4	3	2	7	3
6318995	5			2	30	4	1	1	8	4
6319009	5			1	28	3	1	3	4	3
6319014	5			1	35	2	1	1	5	4
6319016	5			1	59	4	1	1	7	2
6319029	5			2	30	4	1	1	8	3
6319050	5			2	53	3	2	1	4	3
6319053	5			2	52	4	1	1	4	99
6319055	5			2	73	3	5	1	7	3
6319062	5			1	24	2	1	1	5	3
6319071	5			2	66	3	5	3	7	3
6319077	5			2	51	4	1	1	1	99
6319080	5			1	22	2	1	3	5	3
6319089	5			1	30	4	1	3	4	3
6319090	5			1	33	3	1	3	4	3
6319091	5			2	50	4	2	3	1	3
6319107	5			2	54	4	1	3	1	3
6319124	5			2	28	4	1	3	8	3
6319125	5			1	60	3	2	99	4	99
6319129	5			1	29	3	1	99	4	99
6319141	4			2	48	3	5	3	1	3
6319146	5			1	33	4	1	1	1	2
6319148	5			1	18	2	1	1	9	3
6319156	5			1	44	3	1	3	1	4
6319164	5			2	55	3	5	1	7	3
6319172	5			2	41	2	1	1	4	3
6319174	5			1	42	4	1	1	5	3
6319183	5			1	50	3	5	3	2	3
6319195	5			2	64	3	5	2	7	4
6319202	5			2	66	3	1	3	7	4
6319231	5			1	31	4	1	1	4	3
6319232	5			1	53	3	1	3	4	3
6319237	5			2	68	3	3	1	7	3
6319248	5			1	35	3	1	2	1	99
6319267	5			2	51	3	1	1	1	3
6319270	4			1	30	4	1	1	5	3
6319277	2			1	21	3	1	1	9	2
6319310	5			2	22	3	2	1	9	3
6319318	5			2	22	4	1	1	5	3
6319324	5			1	28	2	1	1	4	4
6319331	5			2	57	4	2	3	7	3
6319333	5			2	72	3	5	3	7	3
6319342	5			2	29	2	1	3	2	3
6319359	5			2	27	3	1	2	1	3
6319368	5			1	20	2	1	1	9	3
6319375	5			2	35	4	1	1	1	3
6319376	5			1	44	3	1	1	5	3
6319379	5			2	56	3	3	3	7	4
6319405	5			2	49	3	5	1	1	3
6319408	5			2	42	3	1	1	4	3
6319411	5			2	29	4	1	2	4	4
6319417	5			2	86	3	5	1	7	3
6319422	5			1	45	4	1	1	10	3
6319430	5			2	66	3	2	1	7	4
6319431	5			1	35	3	1	1	3	99
6319438	5			2	23	4	1	3	1	3
6319447	5			2	54	3	2	3	7	5
6319449	3			1	56	3	1	3	7	4
6319453	5			2	40	4	1	3	1	3
6319455	5			1	33	3	5	3	5	3
6319456	5			2	33	4	1	1	5	3
6319464	3			1	44	3	1	2	2	1
6319476	5			2	53	3	1	3	7	3
6319481	5			2	57	4	2	1	99	4
6319491	5			2	57	4	1	2	1	2
6319500	5			1	27	3	1	99	99	99
6319503	5			2	56	4	1	1	1	3
6319506	5			1	33	3	1	1	4	3
6319510	5			2	91	3	5	3	7	2
6319515	5			1	35	4	2	2	7	3
6319542	5			1	48	2	5	1	4	3
6319558	5			2	34	4	1	3	4	3
6319562	4			1	25	4	2	3	10	3
6319563	3			2	55	2	1	3	7	4
6319574	5			2	26	4	1	2	5	3
6319577	5			2	60	2	1	1	7	3
6319594	5			2	31	4	3	1	1	3
6319600	5			2	47	3	1	2	4	4
6319625	5			2	65	4	2	1	7	3
6319638	5			2	23	4	1	3	4	3
6319656	5			1	32	4	1	1	5	3
6319659	5			2	33	3	1	3	2	3
6319679	5			1	52	4	1	1	4	3
6319691	5			2	78	3	1	1	7	3
6319693	5			2	57	4	1	3	7	3
6319695	5			1	58	4	1	1	5	2
6319708	5			1	47	3	1	1	5	4
6319722	5			1	59	4	1	1	1	3
6319739	5			2	52	4	2	1	8	3
6319740	5			2	46	2	1	3	3	3
6319749	5			2	30	4	1	1	4	3
6319756	5			2	56	4	5	1	7	3
6319774	5			2	30	4	1	1	4	3
6319791	5			1	50	4	5	3	5	3
6319794	5			2	57	3	5	1	7	3
6319797	5			2	50	4	1	2	1	3
6319808	5			1	37	4	1	1	4	3
6319809	5			1	48	4	2	1	5	3
6319820	5			2	70	4	3	3	7	2
6319824	5			1	35	3	4	2	5	3
6319825	5			1	26	4	1	2	6	4
6319844	5			2	30	3	1	3	1	3
6319847	5			2	25	4	1	1	5	3
6319860	5			1	76	4	5	2	7	1
6319865	5			2	59	4	5	1	7	3
6319871	5			1	56	4	1	1	2	2
6319878	5			2	55	4	1	1	4	3
6319889	5			1	68	4	2	3	7	99
6319892	5			1	21	4	1	1	9	2
6319897	5			1	31	2	2	3	2	3
6319903	5			2	49	4	1	3	5	99
6319908	4			2	35	4	1	1	5	3
6319910	5			2	43	2	1	3	4	4
6319911	5			2	22	3	1	1	4	3
6319919	5			2	43	3	1	1	1	3
6319932	5			1	32	4	1	1	4	99
6319940	5			1	75	3	5	1	7	3
6319943	5			2	44	3	1	99	99	4
6319944	5			1	47	4	1	2	4	3
6319947	5			2	44	4	1	3	4	3
6319950	5			1	50	4	2	1	1	4
6319954	5			2	24	4	1	99	99	99
6319957	5			1	50	4	1	1	1	3
6319958	5			1	54	3	1	1	10	4
6319959	5			2	44	4	1	2	4	3
6319976	5			1	79	3	1	1	7	3
6319979	5			1	22	3	1	3	1	1
6319980	5			1	49	3	1	2	4	2
6319981	5			1	26	3	1	1	1	4
6320005	5			2	75	3	5	3	7	3
6320009	5			2	77	3	5	1	7	3
6320044	3			2	26	4	2	3	8	3
6320057	5			2	41	3	1	1	8	4
6320061	5			2	45	3	1	1	10	3
6320068	5			2	38	4	1	1	1	3
6320077	5			2	27	4	1	1	8	99
6320080	5			2	55	3	5	3	7	4
6320089	5			2	55	4	1	1	1	3
6320134	5			2	41	4	1	3	1	3
6320150	5			1	64	3	5	3	7	3
6320151	5			2	36	4	1	3	4	3
6320184	5			1	40	4	1	1	5	4
6320187	4			2	45	2	5	3	5	4
6320207	5			2	75	4	5	2	7	3
6320216	5			1	26	4	1	1	4	2
6320220	5			2	61	3	1	1	4	3
6320222	5			2	82	4	5	3	7	3
6320231	5			1	48	3	2	1	4	3
6320237	5			2	53	3	1	2	8	4
6320241	5			2	80	3	5	1	7	3
6320255	5			2	30	4	1	1	8	3
6320256	5			2	58	4	2	1	7	3
6320270	5			2	64	2	4	1	7	3
6320275	5			2	34	4	5	1	8	4
6320282	5			2	68	2	5	3	7	5
6320285	5			2	83	1	5	3	7	4
6320306	5			2	79	2	5	3	4	1
6320307	5			2	52	3	3	1	1	3
6320323	5			2	36	4	1	1	8	5
6320324	5			2	27	4	1	1	1	4
6320333	5			2	56	4	1	1	2	3
6320361	5			1	27	4	1	1	1	4
6320363	5			2	56	3	2	3	7	3
6320383	5			2	72	2	5	3	7	3
6320384	5			2	60	3	1	3	7	4
6320391	5			1	28	4	1	3	10	3
6320408	5			2	23	3	1	3	8	3
6320418	5			2	50	3	3	1	4	3
6320424	5			2	29	4	1	1	4	3
6320431	5			1	83	4	1	3	7	3
6320448	5			2	68	3	5	3	1	4
6320454	5			1	66	4	2	3	7	3
6320457	5			2	46	3	1	99	1	3
6320462	5			2	51	4	1	3	10	5
6320469	5			2	45	2	5	1	10	3
6320476	5			1	49	4	1	1	2	3
6320544	5			2	42	3	1	3	8	3
6320545	5			2	40	4	1	1	4	3
6320557	5			1	21	4	1	1	9	3
6320563	5			1	46	4	1	1	3	2
6320567	4			2	32	4	1	3	1	4
6320592	5			2	77	3	5	3	7	3
6320599	5			1	72	4	3	1	7	3
6320607	5			1	47	2	2	3	4	5
6320626	5			1	64	2	5	1	7	4
6320645	5			1	60	4	1	1	7	4
6320648	5			2	69	2	2	3	1	3
6320654	5			2	20	3	1	1	10	3
6320656	5			2	47	4	1	1	1	3
6320659	5			2	32	3	1	3	4	3
6320660	5			1	75	2	5	3	7	3
6320683	5			2	89	2	5	1	7	99
6320697	5			2	49	4	1	2	1	3
6320727	5			2	31	4	1	2	1	3
6320743	5			2	72	3	5	3	7	3
6320753	5			2	50	4	1	2	1	2
6320757	5			2	33	4	1	2	1	3
6320767	5			1	75	4	5	1	7	3
6320770	5			2	28	4	1	1	8	3
6320786	5			1	46	2	1	1	99	4
6320787	5			2	56	4	5	3	7	3
6320789	5			1	62	3	5	1	2	3
6320792	5			1	32	4	1	3	4	3
6320802	5			2	49	4	1	1	2	3
6320803	5			1	47	4	2	1	3	2
6320804	5			1	39	4	1	1	4	2
6320824	5			1	75	4	5	1	7	2
6320827	5			2	35	3	1	1	2	3
6320829	5			2	35	3	1	1	8	2
6320835	5			2	45	3	5	3	1	3
6320843	5			2	39	3	1	3	1	5
6320857	5			2	31	4	1	2	3	2
6320867	5			2	60	4	2	3	7	3
6320870	5			2	50	4	2	1	1	3
6320880	5			2	59	3	5	1	7	3
6320884	5			2	55	2	5	1	7	4
6320917	5			2	58	1	2	1	7	3
6320928	5			2	45	4	1	2	3	4
6320929	5			2	63	2	5	3	7	4
6320955	5			2	72	3	5	1	7	2
6320957	5			1	26	4	1	1	4	2
6321007	5			2	28	4	1	1	4	3
6321012	5			2	55	3	1	3	1	4
6321018	5			1	80	3	5	3	7	3
6321019	5			2	58	3	5	3	7	3
6321028	5			2	55	3	2	1	1	3
6321032	5			2	40	4	1	3	2	3
6321070	5			1	35	4	1	1	4	3
6321096	5			1	32	3	1	3	4	3
6321133	5			1	47	4	1	2	10	3
6321134	5			1	54	4	2	3	4	3
6321136	5			2	57	4	5	3	7	3
6321184	5			2	51	3	3	1	10	4
6321190	5			2	44	4	2	3	1	3
6321192	5			2	74	4	5	3	7	2
6321217	5			2	59	2	5	3	7	4
6321222	5			1	72	4	5	3	7	3
6321230	5			1	72	4	2	1	7	3
6321232	5			1	38	3	1	3	4	2
6321252	5			2	30	4	1	1	8	4
6321258	3			2	27	4	1	1	4	3
6321264	5			2	55	3	2	3	2	4
6321285	5			1	72	1	5	1	7	3
6321347	5			1	48	4	1	2	4	3
6321364	5			2	19	3	1	1	8	3
6321383	5			2	58	3	1	3	7	3
6321408	5			2	20	3	1	1	9	3
6321414	5			2	47	3	1	3	1	4
6321437	5			2	22	4	1	2	4	3
6321496	5			1	34	4	1	1	2	3
6321534	5			2	78	4	5	3	7	4
6321538	5			2	53	4	2	1	99	3
6321539	5			2	36	4	1	3	8	3
6321552	5			2	56	4	5	1	3	4
6321556	5			2	25	4	1	1	8	3
6321586	5			2	24	4	1	1	8	3
6321602	5			1	51	4	1	3	4	3
6321625	5			2	75	4	5	3	7	3
6321633	5			2	70	3	5	1	7	4
6321646	5			2	43	4	1	3	7	5
6321647	5			2	57	2	5	1	2	3
6321649	5			2	31	3	1	2	4	3
6321650	5			1	24	4	1	1	10	3
6321685	5			2	57	2	2	3	7	3
6321691	5			1	21	3	1	3	1	2
6321700	5			2	34	2	5	3	8	3
6321701	5			1	45	4	1	1	1	3
6321742	5			2	21	3	1	1	9	2
6321743	5			1	18	1	1	3	9	3
6321744	5			2	70	1	5	3	7	3
6321748	5			2	62	2	2	3	2	3
6321790	3			2	24	4	3	3	4	3
6321798	5			1	29	4	1	2	10	2
6321803	5			2	26	4	1	3	2	3
6321811	5			2	66	3	5	3	1	4
6321848	5			2	51	2	2	99	8	99
6321858	5			1	60	4	1	3	5	2
6321867	5			2	22	4	1	2	9	2
6321875	5			1	29	4	1	1	3	3
6321894	5			2	71	3	5	3	7	3
6321911	5			2	19	2	1	3	5	3
6321913	5			1	29	2	1	1	4	3
6321918	5			1	54	1	5	3	7	99
6321926	5			2	64	3	5	3	1	3
6321936	5			2	63	3	5	3	7	5
6321937	5			1	40	3	2	1	1	3
6321948	5			2	43	3	1	1	2	3
6321952	5			2	87	2	5	3	7	3
6321961	5			2	44	3	4	2	8	3
6321988	5			1	38	3	5	3	5	4
6321994	5			2	75	3	5	1	7	99
6322029	5			1	45	3	1	1	10	4
6322044	5			2	24	4	1	3	8	3
6322052	5			2	54	4	2	3	4	3
6322059	5			1	70	4	5	3	7	4
6322064	5			1	30	4	4	3	10	2
6322077	5			1	69	3	5	3	7	4
6322105	4			2	28	4	1	1	8	3
6322119	5			2	36	4	1	1	8	3
6322145	3			2	49	3	5	1	1	3
6322166	3			2	62	4	1	3	7	3
6322169	5			1	78	4	1	1	1	3
6322175	5			2	37	4	1	2	4	3
6322179	5			2	30	4	1	1	8	3
6322181	5			2	21	4	1	1	9	3
6322192	5			2	27	4	1	1	5	3
6322194	5			1	35	4	2	1	4	2
6322202	5			1	52	3	5	1	7	3
6322219	5			1	75	4	1	1	7	3
6322242	5			2	38	4	1	99	8	3
6322253	5			1	66	2	5	1	7	3
6322260	5			1	35	3	4	99	99	99
6322281	5			2	34	4	1	1	8	3
6322282	5			1	54	2	1	3	10	3
6322301	5			2	30	3	1	1	4	3
6322315	5			1	25	4	1	1	4	2
6322324	5			2	29	4	1	1	9	3
6322325	5			1	45	3	1	1	4	2
6322329	5			2	30	3	5	2	8	3
6322334	5			2	43	4	1	1	4	3
6322344	5			2	26	4	1	1	1	3
6322358	5			2	60	4	1	2	5	3
6322360	5			1	25	3	1	1	2	3
6322381	5			1	23	4	1	1	4	3
6322395	5			2	45	4	1	1	1	4
6322401	5			1	63	3	5	2	7	4
6322436	5			2	62	4	5	1	7	2
6322441	5			2	46	4	1	2	1	3
6322445	5			2	18	2	1	1	9	2
6322446	5			1	86	2	5	3	7	2
6322450	3			1	55	4	1	1	1	3
6322455	3			1	40	4	1	1	99	3
6322457	5			1	75	4	3	1	7	3
6322460	5			2	60	4	5	1	7	3
6322487	5			2	43	4	1	1	1	3
6322497	5			2	46	3	1	1	2	3
6322499	5			2	65	3	5	3	7	99
6322503	5			1	68	4	5	3	7	3
6322511	3			2	19	2	1	3	9	3
6322512	3			1	27	3	1	1	6	3
6322522	5			2	37	4	1	3	5	3
6322540	5			2	18	2	1	2	9	3
6322557	5			1	46	3	2	3	10	3
6322561	5			2	59	4	3	1	7	3
6322574	5			1	63	4	5	99	7	3
6322580	5			1	21	3	1	1	4	3
6322586	5			1	19	2	1	2	4	2
6322604	5			1	41	2	2	2	4	3
6322607	5			1	40	4	1	1	4	3
6322632	5			2	49	4	1	2	3	2
6322635	5			2	43	3	1	1	4	3
6322673	5			1	70	4	5	3	1	2
6322675	5			1	33	4	1	1	4	99
6322678	5			2	66	4	1	3	7	3
6322692	5			2	60	4	5	3	7	3
6322697	5			1	25	4	1	1	5	3
6322712	5			1	28	4	1	2	5	3
6322720	5			2	65	3	5	3	1	3
6322737	5			2	35	4	1	3	4	3
6322743	5			2	55	4	1	1	1	2
6322756	5			2	19	2	1	1	9	2
6322764	5			2	50	3	2	2	8	2
6322768	5			2	30	3	1	1	8	3
6322777	5			2	60	3	1	1	7	3
6322792	5			1	85	4	5	1	7	3
6322808	5			2	64	4	1	1	7	99
6322841	5			2	35	4	1	2	8	2
6322954	5			2	39	2	1	3	1	3
6322957	5			2	63	4	1	3	7	2
6322991	5			2	62	4	1	1	7	2
6323007	5			2	36	4	1	1	4	4
6323011	5			2	43	4	1	1	8	3
6323020	5			1	25	4	1	1	4	3
6323033	4			2	30	4	1	1	8	4
6323036	5			2	62	2	5	1	8	3
6323050	5			2	74	2	5	3	7	3
6323101	5			2	28	4	1	1	1	3
6323104	5			2	20	3	1	2	9	1
6323119	5			2	76	4	5	1	7	3
6323142	5			2	72	2	5	3	7	3
6323153	5			2	52	4	1	1	1	3
6323170	5			2	60	3	2	1	8	4
6323193	5			2	23	2	1	1	9	3
6323197	5			2	28	4	1	3	8	3
6323210	5			1	75	3	5	3	7	5
6323237	5			2	82	1	5	3	7	3
6323245	5			1	24	4	1	1	10	3
6323254	5			2	48	3	1	2	99	4
6323264	5			2	29	3	1	1	8	2
6323285	5			2	56	3	5	1	10	5
6323286	5			2	73	3	5	3	7	3
6323287	5			2	37	4	1	1	1	3
6323315	5			2	40	4	1	1	4	4
6323328	5			1	41	4	1	2	4	3
6323337	5			2	60	4	1	1	1	3
6323346	3			1	30	2	2	3	10	3
6323352	5			1	56	4	3	3	7	4
6323353	5			2	74	4	1	1	7	3
6323356	5			1	49	4	2	1	4	2
6323360	5			2	41	4	1	1	4	3
6323393	4			2	49	4	1	1	5	3
6323396	5			2	46	3	2	1	5	4
6323416	5			1	26	3	2	2	5	3
6323429	5			1	70	3	5	1	7	2
6323443	5			2	39	4	1	3	1	3
6323453	5			1	63	2	5	1	1	3
6323459	5			2	29	4	1	2	8	3
6323460	5			2	58	1	5	3	7	2
6323467	5			2	44	3	2	3	5	4
6323488	5			2	59	3	5	1	2	3
6323512	5			2	56	3	5	3	7	4
6323519	5			1	33	3	1	1	3	3
6323522	5			1	28	4	1	1	10	3
6323526	5			1	52	2	1	3	10	3
6323527	5			2	51	4	1	2	1	3
6323544	5			2	50	3	4	1	1	3
6323547	5			1	42	3	2	1	10	4
6323552	5			2	54	4	1	1	3	3
6323553	5			1	19	2	1	1	9	3
6323561	5			1	48	4	1	1	5	3
6323563	5			1	53	4	1	3	7	5
6323592	5			2	49	4	1	1	4	3
6323593	5			2	48	3	1	1	4	3
6323614	5			1	33	4	1	2	3	3
6323633	5			2	59	3	5	3	7	3
6323635	5			1	44	4	1	1	4	3
6323644	5			2	34	3	1	3	4	3
6323697	5			1	62	4	4	3	7	4
6323716	5			1	47	4	1	1	5	2
6323734	5			1	20	4	1	2	2	2
6323739	5			2	63	3	4	3	7	4
6323747	5			1	29	4	1	1	5	2
6323751	5			2	57	3	4	3	7	3
6323763	5			2	62	3	1	1	10	3
6323767	5			1	78	4	5	3	7	3
6323768	5			2	35	4	1	1	8	3
6323781	5			1	43	4	1	1	1	3
6323785	5			1	70	3	5	1	7	3
6323786	5			2	37	4	1	1	8	4
6323794	5			2	41	3	2	1	8	3
6323795	5			2	80	1	5	1	7	3
6323798	5			2	80	3	5	3	7	3
6323809	5			2	21	3	1	2	9	3
6323811	5			1	56	3	2	1	10	4
6323835	5			2	56	4	1	2	7	3
6323839	5			2	51	3	5	3	1	4
6323852	5			2	26	3	1	3	4	2
6323860	5			2	23	4	1	2	9	4
6323871	5			1	27	4	1	1	10	4
6323915	5			2	59	4	1	3	1	2
6323920	5			1	18	2	1	2	9	2
6323925	5			1	26	3	1	2	3	3
6323951	5			1	34	4	1	1	5	3
6324074	4			1	56	4	1	1	1	3
6324126	3			1	23	4	1	3	10	2
6324208	5			1	25	4	1	3	10	3
6324222	5			1	44	3	1	1	99	3
6324239	5			1	43	3	1	99	10	3
6324264	5			1	59	3	3	3	1	3
6324294	5			1	59	2	5	1	7	3
6324319	5			1	35	3	1	2	4	2
6324351	5			1	55	4	1	2	7	3
6324353	5			1	20	3	1	3	5	3
6324365	5			2	60	4	3	1	7	3
6324401	5			1	22	3	1	2	9	2
6324411	4			1	26	3	1	3	2	5
6324422	4			1	28	3	1	3	4	3
6324427	3			1	44	4	1	3	4	2
6324464	4			2	31	4	1	3	8	3
6324469	5			1	50	4	1	3	7	3
6324476	5			1	52	4	1	1	1	3
6324478	5			2	32	4	1	2	8	3
6324483	5			1	25	4	1	1	10	3
6324491	5			2	33	4	2	3	10	3
6324494	5			1	47	3	5	1	5	4
6324504	5			1	35	4	1	3	3	3
6324523	5			2	44	3	1	2	10	4
6324533	5			1	37	3	1	3	1	3
6324539	5			1	56	3	5	1	7	3
6324540	5			2	44	4	1	1	10	3
6324557	5			2	20	3	1	1	9	3
6324561	5			1	25	3	1	1	1	3
6324562	5			2	19	3	1	3	9	4
6324564	5			1	67	4	1	2	7	2
6324567	5			2	44	3	5	3	7	2
6324582	5			2	34	4	1	1	10	3
6324590	4			1	19	2	1	1	9	3
6324592	5			1	19	3	1	1	9	3
6324600	5			2	43	3	1	2	8	3
6324626	5			2	74	4	1	2	4	3
6324648	5			1	27	3	1	1	4	3
6324665	5			2	44	4	3	3	1	4
6324686	5			1	18	2	1	2	9	3
6324696	5			1	30	4	1	1	2	99
6324697	5			2	33	4	1	2	4	3
6324699	5			2	37	4	1	1	10	4
6324707	3			1	28	3	1	2	4	2
6324713	5			2	37	4	1	1	5	3
6324715	5			2	62	3	5	1	7	3
6324733	5			2	33	4	1	1	4	3
6324740	5			2	76	3	5	1	7	3
6324763	5			1	45	4	1	1	3	3
6324764	5			1	20	3	1	1	4	3
6324770	5			2	18	2	1	3	9	3
6324777	5			1	51	3	2	1	4	3
6324781	5			2	44	4	1	1	10	3
6324814	5			1	28	4	1	1	99	2
6324841	5			2	35	2	1	3	10	3
6324866	5			1	57	3	5	2	7	2
6324876	5			2	33	4	1	3	4	3
6324884	5			1	57	3	2	99	99	3
6324891	5			2	63	3	5	3	7	4
6324912	5			1	50	4	1	1	99	99
6324935	5			1	40	3	4	1	4	5
6324941	5			1	31	4	1	1	6	3
6324942	5			1	27	4	1	1	10	3
6324946	5			1	78	3	5	3	7	3
6324956	5			1	49	3	1	2	6	3
6325020	5			2	71	2	5	3	7	2
6325031	5			1	51	3	2	2	7	3
6325045	5			1	39	3	1	3	10	3
6325071	5			1	47	4	1	3	6	3
6325091	5			1	31	4	1	1	4	3
6325123	5			1	43	4	1	2	10	4
6325132	5			2	65	3	4	2	7	3
6325144	5			1	28	2	1	99	99	99
6325179	4			1	48	4	1	1	4	3
6325197	5			2	42	4	1	3	10	3
6325232	5			1	63	4	1	3	7	4
6325250	5			1	33	4	1	3	3	3
6325260	5			2	66	3	5	1	7	3
6325271	5			1	28	4	1	1	4	4
6325276	5			1	29	4	1	2	4	2
6325283	5			1	49	4	1	1	7	3
6325288	5			1	53	3	1	1	10	4
6325293	5			2	41	4	1	1	4	2
6325320	5			1	58	4	2	1	4	3
6325327	5			1	54	4	1	3	1	3
6325331	5			1	54	2	4	1	5	2
6325340	5			1	26	4	1	1	4	5
6325363	5			2	29	4	1	3	1	4
6325368	5			1	21	3	1	2	9	3
6325386	5			1	51	3	1	3	4	3
6325406	5			1	28	3	1	1	10	3
6325461	5			1	62	3	5	3	7	4
6325476	5			1	32	4	1	1	1	2
6325491	2			1	18	1	1	1	9	3
6325492	5			1	45	4	1	1	1	3
6325514	3			1	35	4	2	1	5	2
6325519	5			1	21	3	2	3	10	2
6325527	5			1	55	4	5	3	4	4
6325555	5			1	35	3	1	1	10	2
6325557	5			1	19	3	1	1	9	3
6325560	5			2	18	3	1	1	9	3
6325568	5			1	25	3	1	1	4	3
6325590	3			1	58	4	2	3	4	4
6325613	5			1	34	3	1	1	1	2
6325633	3			1	22	2	1	1	4	3
6325644	5			1	50	3	4	3	1	3
6325665	5			1	49	2	1	1	5	3
6325668	5			2	34	4	2	1	2	2
6325747	5			1	36	2	1	1	3	5
6325771	5			1	58	3	2	1	7	3
6325780	5			2	36	4	1	2	10	4
6325807	4			1	55	3	1	3	7	3
6325821	5			1	28	3	1	3	5	3
6325841	5			2	36	3	99	99	8	3
6325845	3			1	20	4	1	3	4	5
6325848	5			1	27	4	1	1	4	2
6325854	5			1	31	2	1	3	4	4
6325860	5			1	25	3	1	1	4	3
6325872	5			1	57	3	1	1	5	3
6325885	5			1	44	3	1	1	4	2
6325921	5			2	32	4	1	1	4	1
6325924	5			1	25	3	1	3	4	3
6325943	5			1	20	3	1	1	4	3
6325967	5			1	65	2	1	3	7	3
6325971	5			1	70	4	1	3	7	3
6325983	5			2	28	3	1	1	5	3
6326024	5			1	75	3	1	3	5	3
6326026	3			1	26	3	1	2	4	3
6326031	3			1	35	3	3	3	6	3
6326043	5			1	46	1	1	2	3	3
6326071	5			1	25	4	1	2	1	2
6326102	5			1	49	3	2	1	4	3
6326113	5			1	60	2	1	1	4	2
6326115	5			1	35	2	1	3	4	2
6326125	5			1	38	4	1	1	10	3
6326178	5			1	25	4	1	3	5	3
6326190	5			1	22	4	1	1	9	2
6326206	5			1	48	3	1	1	4	3
6326219	5			1	35	2	5	3	4	4
6326236	5			2	29	4	1	1	8	3
6326240	5			1	44	3	1	3	1	3
6326248	5			2	18	2	1	3	9	3
6326269	5			1	23	4	1	1	4	3
6326277	5			2	24	3	1	2	4	3
6326326	5			1	27	4	1	3	10	2
6326330	5			1	19	3	1	1	9	2
6326371	5			1	42	3	1	2	5	2
6326372	4			1	28	4	1	1	1	3
6326387	5			1	35	4	1	3	5	4
6326398	5			1	26	3	1	3	2	2
6326404	5			1	59	2	3	1	1	4
6326418	5			1	45	3	1	2	4	5
6326435	5			1	33	3	1	1	1	3
6326444	5			1	54	3	1	3	4	2
6326451	5			1	18	3	1	1	9	2
6326496	5			1	37	3	2	1	4	3
6326522	5			1	38	3	1	1	5	5
6326527	5			1	38	3	5	3	7	3
6326546	4			1	28	4	1	1	6	3
6326552	5			1	34	4	1	1	4	2
6326584	5			1	28	2	3	3	4	4
6326614	5			1	36	3	1	2	5	3
6326635	5			1	34	4	1	1	4	3
6326690	5			2	34	3	1	1	1	3
6326693	4			1	24	4	1	1	4	3
6326704	5			1	27	4	1	1	4	3
6326735	5			1	45	3	1	1	10	3
6326771	5			1	44	3	4	1	6	3
6326785	5			1	28	4	1	1	4	3
6326804	5			1	50	3	2	2	5	2
6326857	5			2	75	4	3	2	7	2
6326863	5			1	30	3	1	1	4	3
6326880	5			1	43	3	1	3	4	3
6326882	5			2	30	4	1	3	4	3
6326891	5			2	24	3	1	1	1	3
6326903	5			1	22	3	1	2	10	3
6326932	5			1	43	3	5	1	1	3
6326979	5			2	29	4	1	1	10	3
6326987	5			1	19	2	1	1	9	3
6327003	5			1	34	3	1	3	1	3
6327015	5			2	24	3	1	3	5	3
6327052	5			1	45	4	1	3	10	3
6327092	5			2	34	3	2	3	4	5
6327101	5			2	33	2	1	3	8	3
6327125	5			2	34	4	1	1	8	2
6327159	5			1	28	4	1	2	10	5
6327167	5			1	50	3	2	1	5	5
6327182	5			1	34	3	1	3	4	2
6327251	5			1	52	4	1	1	4	3
6327302	5			1	18	3	1	3	9	4
6327311	5			1	57	3	2	3	99	4
6327390	5			1	18	2	1	3	9	3
6327535	5			1	56	3	5	1	4	3
6327559	5			1	50	4	1	99	1	4
6327603	5			1	18	2	1	1	9	3
6328069	3			2	21	4	1	1	4	4
6328127	5			1	42	3	1	3	6	3
6328253	5			2	19	2	1	3	9	3
6328330	5			2	20	1	1	1	9	2
6328348	5			2	22	4	1	3	9	2
6328698	5			1	23	4	1	1	1	3
6328738	4			2	23	4	1	1	3	2
6328747	5			1	22	4	1	3	4	2
6328754	5			2	23	4	1	2	1	3
6328768	4			1	22	4	1	3	9	3
6328984	5			1	35	3	1	1	5	2
6329228	5			1	31	4	1	1	2	3
6329231	5			2	22	4	1	1	4	3
6329238	5			1	63	4	1	1	99	4
6329248	5			1	18	2	1	2	4	2
6329259	5			1	37	3	1	3	10	4
6329299	5			1	35	2	1	1	4	3
6329322	4			1	30	4	1	1	5	2
6329343	5			1	42	4	1	1	1	3
6329353	5			1	38	4	1	2	3	3
6329384	5			1	38	4	1	1	4	3
6329387	5			2	62	4	1	3	7	4
6329396	5			1	51	4	1	1	2	3
6329397	5			1	29	3	1	1	3	2
6329410	5			1	58	3	1	3	10	3
6329443	5			2	26	4	1	2	10	3
6329460	5			1	41	4	1	1	4	3
6329463	5			1	41	4	1	1	5	2
6329467	5			1	49	3	2	1	5	2
6329475	5			1	25	3	1	3	2	2
6329497	4			2	27	4	1	1	8	3
6329499	4			1	36	2	2	3	5	4
6329504	5			2	63	2	1	1	3	3
6329515	5			1	54	2	2	1	5	2
6329531	4			1	37	3	1	1	4	3
6329544	5			1	40	3	1	3	10	4
6329584	5			1	26	3	1	3	4	4
6329608	5			2	28	3	1	3	5	3
6329639	5			1	31	3	1	3	10	3
6329641	5			1	42	4	1	1	99	3
6329666	5			1	58	4	1	3	5	3
6329692	5			2	30	4	1	3	5	3
6329701	5			1	40	4	1	1	4	3
6329715	5			1	35	3	2	1	4	2
6329716	5			1	48	3	1	1	4	3
6329779	5			2	27	3	1	3	4	3
6329799	5			1	45	3	1	2	2	3
6329822	5			1	46	4	1	1	4	4
6329837	5			1	48	3	1	2	4	3
6329872	5			1	52	4	1	1	10	4
6329880	5			1	51	3	1	3	7	4
6329892	5			1	46	3	1	1	10	5
6329896	5			2	31	3	1	3	10	3
